
 7.6909090892854515
 17.894181791003845
 67.23685627527868
 243.07950897002004
 783.8434659363933
 5.553333332022611
 13.790202876610572
 53.623419589478736
 195.57718608803938
 632.1236058653914*********************Optimal value evaluation******************************
 5.890999986984997
 14.069899782142611
 53.62277161695748
 194.5773929519409
 628.0502153077516
 3877.247914879524*********************Random value evaluation******************************
7.610999983185
19.102199704222816
69.27905530074062
194.5773929519409
852.681314213438
5009.291101705697